%YAML:1.0
---
camera_matrix_left: !!opencv-matrix
   rows: 3
   cols: 3
   dt: d
   data: [ 8.5752492170538005e+02, 0., 4.9718614898342696e+02, 0.,
       8.5651540780344192e+02, 2.8481481824142423e+02, 0., 0., 1. ]
camera_matrix_right: !!opencv-matrix
   rows: 3
   cols: 3
   dt: d
   data: [ 8.5752492170538005e+02, 0., 5.0061198311437869e+02, 0.,
       8.5651540780344192e+02, 2.8284477993952527e+02, 0., 0., 1. ]
dist_coefficient_left: !!opencv-matrix
   rows: 1
   cols: 5
   dt: d
   data: [ 1.5551197771798265e-02, -1.5286904520076608e-01, 0., 0.,
       2.4360410378040276e-01 ]
dist_coefficient_right: !!opencv-matrix
   rows: 1
   cols: 5
   dt: d
   data: [ 7.3938358405914673e-02, -2.6408604913270267e-01, 0., 0.,
       2.2888503824318554e-01 ]
rotation: !!opencv-matrix
   rows: 3
   cols: 3
   dt: d
   data: [ 9.9927426526739038e-01, -5.8392061659573663e-03,
       -3.7641020784094925e-02, 5.4055778574680869e-03,
       9.9991797191307474e-01, -1.1611596499636173e-02,
       3.7705735669047377e-02, 1.1399698092272348e-02,
       9.9922386099465266e-01 ]
translation: !!opencv-matrix
   rows: 3
   cols: 1
   dt: d
   data: [ -5.8061147504188426e+01, 1.0136528917805676e+00,
       -5.3591431348925855e-01 ]
essential: !!opencv-matrix
   rows: 3
   cols: 3
   dt: d
   data: [ 4.1117454544141313e-02, 5.4742569040002453e-01,
       1.0066433354667568e+00, 1.6537128985762419e+00,
       6.6500886660239145e-01, 5.8036256344727747e+01,
       -1.3267713019980216e+00, -5.8050465931118147e+01,
       7.1233754669186411e-01 ]
fundamental: !!opencv-matrix
   rows: 3
   cols: 3
   dt: d
   data: [ 3.6262384989445980e-08, 4.8335574945711488e-07,
       6.0559815658347660e-04, 1.4601646424268390e-06,
       5.8786921838379873e-07, 4.3049405506083473e-02,
       -1.4345507124152110e-03, -4.4361821376410211e-02, 1. ]
rectification_left: !!opencv-matrix
   rows: 3
   cols: 3
   dt: d
   data: [ 9.9933307678703809e-01, -2.3186400337963056e-02,
       -2.8209794021213177e-02, 2.3018639591067567e-02,
       9.9971545424637209e-01, -6.2572176201902679e-03,
       2.8346849396857211e-02, 5.6036934549982464e-03,
       9.9958244019637232e-01 ]
rectification_right: !!opencv-matrix
   rows: 3
   cols: 3
   dt: d
   data: [ 9.9980506167865546e-01, -1.7454964904273493e-02,
       9.2283715752247662e-03, 1.7399917578673315e-02,
       9.9983053483488926e-01, 6.0120279469380511e-03,
       -9.3317474245293835e-03, -5.8502830675079207e-03,
       9.9993934449947253e-01 ]
projection_left: !!opencv-matrix
   rows: 3
   cols: 4
   dt: d
   data: [ 8.5651540780344192e+02, 0., 5.1009112167358398e+02, 0., 0.,
       8.5651540780344192e+02, 2.8373797225952148e+02, 0., 0., 0., 1.,
       0. ]
projection_right: !!opencv-matrix
   rows: 3
   cols: 4
   dt: d
   data: [ 8.5651540780344192e+02, 0., 5.1009112167358398e+02,
       -4.9739963657104789e+04, 0., 8.5651540780344192e+02,
       2.8373797225952148e+02, 0., 0., 0., 1., 0. ]
disparity: !!opencv-matrix
   rows: 4
   cols: 4
   dt: d
   data: [ 1., 0., 0., -5.1009112167358398e+02, 0., 1., 0.,
       -2.8373797225952148e+02, 0., 0., 0., 8.5651540780344192e+02, 0.,
       0., 1.7219863965081492e-02, 0. ]
