%YAML:1.0
---
camera_matrix_left: !!opencv-matrix
   rows: 3
   cols: 3
   dt: d
   data: [ 8.6057597294397203e+02, 0., 5.0222578404164585e+02, 0.,
       8.6039436853905806e+02, 2.9305038129306740e+02, 0., 0., 1. ]
camera_matrix_right: !!opencv-matrix
   rows: 3
   cols: 3
   dt: d
   data: [ 8.6057597294397203e+02, 0., 4.9835282702668457e+02, 0.,
       8.6039436853905806e+02, 2.8588501827769977e+02, 0., 0., 1. ]
dist_coefficient_left: !!opencv-matrix
   rows: 1
   cols: 5
   dt: d
   data: [ 4.8472102248558815e-02, -1.9357817525013360e-01, 0., 0.,
       2.4901111812223503e-01 ]
dist_coefficient_right: !!opencv-matrix
   rows: 1
   cols: 5
   dt: d
   data: [ 3.1401756255175224e-02, -1.3659644974420115e-01, 0., 0.,
       1.8374738161578372e-01 ]
rotation: !!opencv-matrix
   rows: 3
   cols: 3
   dt: d
   data: [ 9.9809979529055182e-01, -5.4691493965398101e-03,
       -6.1374970841841736e-02, 5.5830398932972059e-03,
       9.9998299623545961e-01, 1.6843115812482630e-03,
       6.1364715484620691e-02, -2.0237699551093570e-03,
       9.9811335831590808e-01 ]
translation: !!opencv-matrix
   rows: 3
   cols: 1
   dt: d
   data: [ -3.5808508687447905e+01, 9.9458406989672854e-01,
       -1.7505749439494998e+00 ]
essential: !!opencv-matrix
   rows: 3
   cols: 3
   dt: d
   data: [ 7.0805898223025424e-02, 1.7485323682268550e+00,
       9.9565615978406474e-01, 4.5013045433704407e-01,
       -6.2894028120630344e-02, 3.5848392348454354e+01,
       -1.1926144890846699e+00, -3.5802460279131957e+01,
       7.2988240017445450e-04 ]
fundamental: !!opencv-matrix
   rows: 3
   cols: 3
   dt: d
   data: [ 1.1221113030522705e-07, 2.7716081782029145e-06,
       4.8931544447138194e-04, 7.1350423427613839e-07,
       -9.9714708906472892e-08, 4.8571804447353983e-02,
       -1.8864073870385172e-03, -5.0190998963092058e-02, 1. ]
rectification_left: !!opencv-matrix
   rows: 3
   cols: 3
   dt: d
   data: [ 9.9936621585264485e-01, -3.3290109708288378e-02,
       -1.2606950780220744e-02, 3.3295575295498245e-02,
       9.9944552355826077e-01, 2.2384167558541935e-04,
       1.2592508809073423e-02, -6.4345548722940051e-04,
       9.9992050418367218e-01 ]
rectification_right: !!opencv-matrix
   rows: 3
   cols: 3
   dt: d
   data: [ 9.9842303528278065e-01, -2.7731276233186070e-02,
       4.8810029043198692e-02, 2.7752451728162753e-02,
       9.9961479676617870e-01, 2.4394504910889549e-04,
       -4.8797992169710903e-02, 1.1110376184980792e-03,
       9.9880805040589005e-01 ]
projection_left: !!opencv-matrix
   rows: 3
   cols: 4
   dt: d
   data: [ 8.6039436853905806e+02, 0., 4.7932908630371094e+02, 0., 0.,
       8.6039436853905806e+02, 2.8878785705566406e+02, 0., 0., 0., 1.,
       0. ]
projection_right: !!opencv-matrix
   rows: 3
   cols: 4
   dt: d
   data: [ 8.6039436853905806e+02, 0., 4.7932908630371094e+02,
       -3.0858101357543343e+04, 0., 8.6039436853905806e+02,
       2.8878785705566406e+02, 0., 0., 0., 1., 0. ]
disparity: !!opencv-matrix
   rows: 4
   cols: 4
   dt: d
   data: [ 1., 0., 0., -4.7932908630371094e+02, 0., 1., 0.,
       -2.8878785705566406e+02, 0., 0., 0., 8.6039436853905806e+02, 0.,
       0., 2.7882284738452726e-02, 0. ]
