%YAML:1.0
---
camera_matrix_left: !!opencv-matrix
   rows: 3
   cols: 3
   dt: d
   data: [ 7.1826600966944704e+02, 0., 3.1534965564795999e+02, 0.,
       7.1845261108005093e+02, 2.4376043762228187e+02, 0., 0., 1. ]
camera_matrix_right: !!opencv-matrix
   rows: 3
   cols: 3
   dt: d
   data: [ 7.1826600966944704e+02, 0., 3.1292720287503209e+02, 0.,
       7.1845261108005093e+02, 2.4032316721836821e+02, 0., 0., 1. ]
dist_coefficient_left: !!opencv-matrix
   rows: 1
   cols: 5
   dt: d
   data: [ 2.3498334564494069e-02, 1.3797376791351177e-03, 0., 0.,
       -3.1670456498806959e-01 ]
dist_coefficient_right: !!opencv-matrix
   rows: 1
   cols: 5
   dt: d
   data: [ 2.5386102976111172e-02, -6.4761677245040963e-02, 0., 0.,
       1.1238415413766656e-01 ]
rotation: !!opencv-matrix
   rows: 3
   cols: 3
   dt: d
   data: [ 9.9845660628552602e-01, -6.5782889216686085e-03,
       -5.5146454823979923e-02, 6.4139647008828833e-03,
       9.9997444927840884e-01, -3.1562394013669361e-03,
       5.5165808446954123e-02, 2.7976606666936625e-03,
       9.9847328791169376e-01 ]
translation: !!opencv-matrix
   rows: 3
   cols: 1
   dt: d
   data: [ -3.5390411700348743e+01, 5.4711727882591410e-01,
       -1.5933461633779078e+00 ]
essential: !!opencv-matrix
   rows: 3
   cols: 3
   dt: d
   data: [ 4.0401833049922238e-02, 1.5948361007247287e+00,
       5.4125300632173912e-01, 3.6145366979591359e-01,
       1.0949185420709293e-01, 3.5424248123213367e+01,
       -7.7326571285244350e-01, -3.5385908354258234e+01,
       1.4187219013943023e-01 ]
fundamental: !!opencv-matrix
   rows: 3
   cols: 3
   dt: d
   data: [ 1.1014199186192698e-07, 4.3466543066595425e-06,
       -3.4442460942944505e-05, 9.8512577547144510e-07,
       2.9833763443686397e-07, 6.8963190409088507e-02,
       -1.7853545969690320e-03, -7.0703402213473238e-02, 1. ]
rectification_left: !!opencv-matrix
   rows: 3
   cols: 3
   dt: d
   data: [ 9.9970910702461357e-01, -2.1886632138248055e-02,
       -1.0132949506186898e-02, 2.1868614430910732e-02,
       9.9975907519488783e-01, -1.8855419206998247e-03,
       1.0171776389701515e-02, 1.6633998640016164e-03,
       9.9994688262225739e-01 ]
rectification_right: !!opencv-matrix
   rows: 3
   cols: 3
   dt: d
   data: [ 9.9886893510443364e-01, -1.5441991980913771e-02,
       4.4971050321245411e-02, 1.5362139452510788e-02,
       9.9987974637181942e-01, 2.1207231944818648e-03,
       -4.4998390579844116e-02, -1.4274729725625120e-03,
       9.9898603952514597e-01 ]
projection_left: !!opencv-matrix
   rows: 3
   cols: 4
   dt: d
   data: [ 7.1845261108005093e+02, 0., 2.9906458663940430e+02, 0., 0.,
       7.1845261108005093e+02, 2.4187077140808105e+02, 0., 0., 0., 1.,
       0. ]
projection_right: !!opencv-matrix
   rows: 3
   cols: 4
   dt: d
   data: [ 7.1845261108005093e+02, 0., 2.9906458663940430e+02,
       -2.5455125091717029e+04, 0., 7.1845261108005093e+02,
       2.4187077140808105e+02, 0., 0., 0., 1., 0. ]
disparity: !!opencv-matrix
   rows: 4
   cols: 4
   dt: d
   data: [ 1., 0., 0., -2.9906458663940430e+02, 0., 1., 0.,
       -2.4187077140808105e+02, 0., 0., 0., 7.1845261108005093e+02, 0.,
       0., 2.8224281298614862e-02, 0. ]
