%YAML:1.0
---
camera_matrix_left: !!opencv-matrix
   rows: 3
   cols: 3
   dt: d
   data: [ 7.1924266015009061e+02, 0., 3.1421899662524356e+02, 0.,
       7.1915661064804431e+02, 2.4313057783622475e+02, 0., 0., 1. ]
camera_matrix_right: !!opencv-matrix
   rows: 3
   cols: 3
   dt: d
   data: [ 7.1924266015009061e+02, 0., 3.1296819378284499e+02, 0.,
       7.1915661064804431e+02, 2.3759235761515203e+02, 0., 0., 1. ]
dist_coefficient_left: !!opencv-matrix
   rows: 1
   cols: 5
   dt: d
   data: [ 4.1495016697491699e-02, -1.8134361168973404e-01, 0., 0.,
       2.2950553601584320e-01 ]
dist_coefficient_right: !!opencv-matrix
   rows: 1
   cols: 5
   dt: d
   data: [ 2.1493277904167777e-02, 2.9631709044421525e-02, 0., 0.,
       -5.2879200001247084e-01 ]
rotation: !!opencv-matrix
   rows: 3
   cols: 3
   dt: d
   data: [ 9.9664142096115216e-01, -9.4085771597812989e-03,
       -8.1347137013934229e-02, 1.0866135301184783e-02,
       9.9978792709865738e-01, 1.7493654031851640e-02,
       8.1165295096806561e-02, -1.8318829209264847e-02,
       9.9653229519582054e-01 ]
translation: !!opencv-matrix
   rows: 3
   cols: 1
   dt: d
   data: [ -3.4655166464868408e+01, 1.1822751169176324e+00,
       -2.7416526008133850e+00 ]
essential: !!opencv-matrix
   rows: 3
   cols: 3
   dt: d
   data: [ 1.2575087685951450e-01, 2.7194132746466790e+00,
       1.2261368578889908e+00, 8.0352268893508369e-02,
       -6.0904702564849922e-01, 3.4758018167391519e+01,
       -1.5548720801841431e+00, -3.4636693516508089e+01,
       -5.1007079662857113e-01 ]
fundamental: !!opencv-matrix
   rows: 3
   cols: 3
   dt: d
   data: [ 1.0575397093942978e-06, 2.2872457875583745e-05,
       1.5232249083992841e-03, 6.7582735680847641e-07,
       -5.1231893981281605e-06, 2.1129876919425955e-01,
       -9.8964819948215328e-03, -2.1547270154337689e-01, 1. ]
rectification_left: !!opencv-matrix
   rows: 3
   cols: 3
   dt: d
   data: [ 9.9899118175914658e-01, -4.4800035938951127e-02,
       -3.0944381287341645e-03, 4.4823522540582798e-02,
       9.9896296136908691e-01, 7.9908472490706015e-03,
       2.7332388329126683e-03, -8.1214895538196212e-03,
       9.9996328473244933e-01 ]
rectification_right: !!opencv-matrix
   rows: 3
   cols: 3
   dt: d
   data: [ 9.9630921919342863e-01, -3.3989494749711441e-02,
       7.8820390742751073e-02, 3.4624126549498806e-02,
       9.9937795597333379e-01, -6.6985800917408354e-03,
       -7.8543679636651306e-02, 9.4029442846649131e-03,
       9.9686632756248450e-01 ]
projection_left: !!opencv-matrix
   rows: 3
   cols: 4
   dt: d
   data: [ 7.1915661064804431e+02, 0., 2.8050212669372559e+02, 0., 0.,
       7.1915661064804431e+02, 2.3950221061706543e+02, 0., 0., 0., 1.,
       0. ]
projection_right: !!opencv-matrix
   rows: 3
   cols: 4
   dt: d
   data: [ 7.1915661064804431e+02, 0., 2.8050212669372559e+02,
       -2.5014816260051044e+04, 0., 7.1915661064804431e+02,
       2.3950221061706543e+02, 0., 0., 0., 1., 0. ]
disparity: !!opencv-matrix
   rows: 4
   cols: 4
   dt: d
   data: [ 1., 0., 0., -2.8050212669372559e+02, 0., 1., 0.,
       -2.3950221061706543e+02, 0., 0., 0., 7.1915661064804431e+02, 0.,
       0., 2.8749226185464570e-02, 0. ]
